% Intrinsic and Extrinsic Camera Parameters
%
% This script file can be directly executed under Matlab to recover the camera intrinsic and extrinsic parameters.
% IMPORTANT: This file contains neither the structure of the calibration objects nor the image coordinates of the calibration points.
%            All those complementary variables are saved in the complete matlab data file Calib_Results.mat.
% For more information regarding the calibration model visit http://www.vision.caltech.edu/bouguetj/calib_doc/


%-- Focal length:
fc = [ 7810.612521317604700 ; 8504.225730342022900 ];

%-- Principal point:
cc = [ 241.080507851032990 ; 514.910783353180250 ];

%-- Skew coefficient:
alpha_c = 0.000000000000000;

%-- Distortion coefficients:
kc = [ 0.073685897457093 ; 12.841118308177988 ; 0.005025318848360 ; -0.001503471230163 ; 0.000000000000000 ];

%-- Focal length uncertainty:
fc_error = [ 57.387304835017503 ; 63.004818206280333 ];

%-- Principal point uncertainty:
cc_error = [ 112.814435596824680 ; 90.781998851977832 ];

%-- Skew coefficient uncertainty:
alpha_c_error = 0.000000000000000;

%-- Distortion coefficients uncertainty:
kc_error = [ 0.263611990400431 ; 34.409047713613191 ; 0.006857931288398 ; 0.007352548349583 ; 0.000000000000000 ];

%-- Image size:
nx = 720;
ny = 576;


%-- Various other variables (may be ignored if you do not use the Matlab Calibration Toolbox):
%-- Those variables are used to control which intrinsic parameters should be optimized

n_ima = 25;						% Number of calibration images
est_fc = [ 1 ; 1 ];					% Estimation indicator of the two focal variables
est_aspect_ratio = 1;				% Estimation indicator of the aspect ratio fc(2)/fc(1)
center_optim = 1;					% Estimation indicator of the principal point
est_alpha = 0;						% Estimation indicator of the skew coefficient
est_dist = [ 1 ; 1 ; 1 ; 1 ; 0 ];	% Estimation indicator of the distortion coefficients


%-- Extrinsic parameters:
%-- The rotation (omc_kk) and the translation (Tc_kk) vectors for every calibration image and their uncertainties

%-- Image #1:
omc_1 = [ 2.246311e+00 ; 2.173750e+00 ; 1.060714e-01 ];
Tc_1  = [ -7.131989e+01 ; -2.638740e+02 ; 5.501993e+03 ];
omc_error_1 = [ 1.450164e-02 ; 1.370210e-02 ; 2.230438e-02 ];
Tc_error_1  = [ 7.956319e+01 ; 5.871715e+01 ; 4.078166e+01 ];

%-- Image #2:
omc_2 = [ -2.092129e+00 ; -1.662451e+00 ; -8.121318e-01 ];
Tc_2  = [ -5.120011e+01 ; -2.103833e+02 ; 5.453824e+03 ];
omc_error_2 = [ 7.100720e-03 ; 1.113367e-02 ; 1.748307e-02 ];
Tc_error_2  = [ 7.885661e+01 ; 5.820689e+01 ; 4.062550e+01 ];

%-- Image #3:
omc_3 = [ 2.020173e+00 ; 1.739372e+00 ; -4.354868e-01 ];
Tc_3  = [ -8.085584e+01 ; -1.879498e+02 ; 5.556115e+03 ];
omc_error_3 = [ 7.985104e-03 ; 1.101816e-02 ; 1.798961e-02 ];
Tc_error_3  = [ 8.030871e+01 ; 5.930758e+01 ; 4.051386e+01 ];

%-- Image #4:
omc_4 = [ 2.016898e+00 ; 1.932172e+00 ; 4.558981e-01 ];
Tc_4  = [ -1.124437e+02 ; -2.815550e+02 ; 5.473542e+03 ];
omc_error_4 = [ 1.144088e-02 ; 9.395752e-03 ; 1.646097e-02 ];
Tc_error_4  = [ 7.917788e+01 ; 5.843008e+01 ; 4.089888e+01 ];

%-- Image #5:
omc_5 = [ -1.827809e+00 ; -1.851919e+00 ; 5.278430e-01 ];
Tc_5  = [ 3.690723e+01 ; -2.261010e+02 ; 5.592716e+03 ];
omc_error_5 = [ 1.096599e-02 ; 9.102235e-03 ; 1.604035e-02 ];
Tc_error_5  = [ 8.085736e+01 ; 5.970256e+01 ; 4.057540e+01 ];

%-- Image #6:
omc_6 = [ 1.809724e+00 ; 1.779649e+00 ; -4.277284e-01 ];
Tc_6  = [ -8.208083e+01 ; -2.331283e+02 ; 5.556915e+03 ];
omc_error_6 = [ 7.717349e-03 ; 1.187615e-02 ; 1.658460e-02 ];
Tc_error_6  = [ 8.033576e+01 ; 5.932794e+01 ; 4.051629e+01 ];

%-- Image #7:
omc_7 = [ -2.143106e+00 ; -1.318936e+00 ; -1.439541e-01 ];
Tc_7  = [ -8.451950e+01 ; -1.873524e+02 ; 5.546501e+03 ];
omc_error_7 = [ 9.216683e-03 ; 8.749707e-03 ; 1.647429e-02 ];
Tc_error_7  = [ 8.016266e+01 ; 5.921081e+01 ; 4.054245e+01 ];

%-- Image #8:
omc_8 = [ 2.041944e+00 ; 1.968711e+00 ; -9.892053e-01 ];
Tc_8  = [ -1.022373e+02 ; -1.836694e+02 ; 5.654875e+03 ];
omc_error_8 = [ 5.835831e-03 ; 1.221423e-02 ; 1.967985e-02 ];
Tc_error_8  = [ 8.175977e+01 ; 6.035604e+01 ; 4.063880e+01 ];

%-- Image #9:
omc_9 = [ -2.061946e+00 ; -1.759605e+00 ; -8.267936e-01 ];
Tc_9  = [ -1.108707e+02 ; -2.269134e+02 ; 5.477831e+03 ];
omc_error_9 = [ 6.774877e-03 ; 1.129938e-02 ; 1.753763e-02 ];
Tc_error_9  = [ 7.922682e+01 ; 5.847427e+01 ; 4.078617e+01 ];

%-- Image #10:
omc_10 = [ -2.179023e+00 ; -1.839503e+00 ; 5.225658e-01 ];
Tc_10  = [ -1.060472e+02 ; -2.321488e+02 ; 5.613641e+03 ];
omc_error_10 = [ 1.197218e-02 ; 7.220993e-03 ; 1.874650e-02 ];
Tc_error_10  = [ 8.118184e+01 ; 5.991601e+01 ; 4.075103e+01 ];

%-- Image #11:
omc_11 = [ -2.048217e+00 ; -2.012779e+00 ; -3.313189e-01 ];
Tc_11  = [ -1.983082e+01 ; -2.841485e+02 ; 5.540535e+03 ];
omc_error_11 = [ 7.145257e-03 ; 1.012800e-02 ; 1.744253e-02 ];
Tc_error_11  = [ 8.013548e+01 ; 5.914875e+01 ; 4.103407e+01 ];

%-- Image #12:
omc_12 = [ 1.486063e+00 ; 2.296070e+00 ; -1.221662e+00 ];
Tc_12  = [ 1.591749e+01 ; -2.376154e+02 ; 5.624171e+03 ];
omc_error_12 = [ 5.435688e-03 ; 1.407909e-02 ; 1.790574e-02 ];
Tc_error_12  = [ 8.131385e+01 ; 6.003396e+01 ; 4.029421e+01 ];

%-- Image #13:
omc_13 = [ -1.328808e+00 ; -2.389125e+00 ; -7.117777e-01 ];
Tc_13  = [ 1.665060e+01 ; -2.828372e+02 ; 5.377521e+03 ];
omc_error_13 = [ 4.126694e-03 ; 1.316435e-02 ; 1.622159e-02 ];
Tc_error_13  = [ 7.777635e+01 ; 5.742151e+01 ; 4.020078e+01 ];

%-- Image #14:
omc_14 = [ -2.156901e+00 ; -2.100237e+00 ; 4.393473e-01 ];
Tc_14  = [ -1.157979e+02 ; -2.230339e+02 ; 5.571019e+03 ];
omc_error_14 = [ 1.202099e-02 ; 8.235417e-03 ; 1.985000e-02 ];
Tc_error_14  = [ 8.057060e+01 ; 5.945922e+01 ; 4.045868e+01 ];

%-- Image #15:
omc_15 = [ 1.621755e+00 ; 2.271473e+00 ; -1.008983e+00 ];
Tc_15  = [ -1.826631e+01 ; -2.369870e+02 ; 5.586745e+03 ];
omc_error_15 = [ 4.811111e-03 ; 1.358030e-02 ; 1.825452e-02 ];
Tc_error_15  = [ 8.077749e+01 ; 5.963255e+01 ; 4.013502e+01 ];

%-- Image #16:
omc_16 = [ 2.316580e+00 ; 1.808708e+00 ; 9.391419e-01 ];
Tc_16  = [ -1.040297e+02 ; -1.923127e+02 ; 5.356831e+03 ];
omc_error_16 = [ 1.442171e-02 ; 5.687725e-03 ; 1.756283e-02 ];
Tc_error_16  = [ 7.746727e+01 ; 5.717304e+01 ; 4.009336e+01 ];

%-- Image #17:
omc_17 = [ 2.131667e+00 ; 1.112454e+00 ; 4.105420e-02 ];
Tc_17  = [ -7.041959e+01 ; -1.789501e+02 ; 5.382530e+03 ];
omc_error_17 = [ 1.051052e-02 ; 9.120894e-03 ; 1.649370e-02 ];
Tc_error_17  = [ 7.779149e+01 ; 5.746406e+01 ; 3.996491e+01 ];

%-- Image #18:
omc_18 = [ -2.379358e+00 ; 2.719194e-03 ; -2.577420e-01 ];
Tc_18  = [ -7.268968e+00 ; -4.518052e+01 ; 5.570490e+03 ];
omc_error_18 = [ 1.070822e-02 ; 6.835514e-03 ; 1.670407e-02 ];
Tc_error_18  = [ 8.046068e+01 ; 5.945901e+01 ; 4.033362e+01 ];

%-- Image #19:
omc_19 = [ -2.604893e+00 ; -2.111708e-01 ; -1.719937e-01 ];
Tc_19  = [ -9.900459e+01 ; -2.884051e+01 ; 5.537585e+03 ];
omc_error_19 = [ 1.071338e-02 ; 5.224723e-03 ; 1.782150e-02 ];
Tc_error_19  = [ 7.999258e+01 ; 5.910838e+01 ; 4.024230e+01 ];

%-- Image #20:
omc_20 = [ -2.111565e+00 ; -1.773417e+00 ; -1.251381e+00 ];
Tc_20  = [ 1.047815e+01 ; -1.890582e+02 ; 5.406424e+03 ];
omc_error_20 = [ 6.330531e-03 ; 1.254882e-02 ; 1.894682e-02 ];
Tc_error_20  = [ 7.814883e+01 ; 5.769658e+01 ; 4.071891e+01 ];

%-- Image #21:
omc_21 = [ -2.332070e+00 ; -1.908338e+00 ; 1.308664e-01 ];
Tc_21  = [ -5.907607e+01 ; -2.247885e+02 ; 5.542382e+03 ];
omc_error_21 = [ 9.636972e-03 ; 7.133146e-03 ; 2.364930e-02 ];
Tc_error_21  = [ 8.013270e+01 ; 5.916187e+01 ; 4.055623e+01 ];

%-- Image #22:
omc_22 = [ -1.661089e+00 ; -2.043220e+00 ; -5.393885e-01 ];
Tc_22  = [ -2.474028e+01 ; -2.475843e+02 ; 5.436061e+03 ];
omc_error_22 = [ 6.014585e-03 ; 1.193605e-02 ; 1.618914e-02 ];
Tc_error_22  = [ 7.860127e+01 ; 5.803889e+01 ; 4.037787e+01 ];

%-- Image #23:
omc_23 = [ 1.576585e+00 ; 2.211777e+00 ; -8.574640e-01 ];
Tc_23  = [ -2.269581e+01 ; -2.916790e+02 ; 5.527077e+03 ];
omc_error_23 = [ 5.195325e-03 ; 1.354400e-02 ; 1.751793e-02 ];
Tc_error_23  = [ 7.994904e+01 ; 5.900979e+01 ; 3.985376e+01 ];

%-- Image #24:
