使用 18 幅图像进行标定：
1, 2, 3, 5, 6, 7, 8, 9, 10, 11, 12, 13, 14, 16, 17, 18, 20, 23

内参数预估：
cameraMatrix = 
[8909.459937562737, 0, 360;
 0, 8909.459937562737, 288;
 0, 0, 1]

标定结果：
cameraMatrix = 
[8630.257121737948, 0, 360;
 0, 9296.284239361648, 288;
 0, 0, 1]

distCoeffs = 
[4.339007610784896;
 1900.4849403831;
 0.01765989751499954;
 -0.05070957506360133;
 2.740438247091195]

reprojectionError = 
0.384464

内参数：
[fx, fy] = [8630.26, 9296.28] +/- [13.4671, 14.7468]
[Cx, Cy] = [360, 288] +/- [0, 0]
[k1, k2, p1, p2, k3] = [4.33901, 1900.48, 0.0176599, -0.0507096, 2.74044] +/- [1.90862, 1376.77, 0.00740587, 0.0128788, 2.17093]

误差：
[k4, k5, k6] = [0, 0, 0]
[s1, s2, s3, s4] = [0, 0, 0, 0]
[tauX, tauY] = [0, 0]

R1 = [0.0144161, 0.0118052, 0.000992849]
t1 = [2.0979, 0.339405, 50.2267]

R2 = [0.0122803, 0.00527002, 0.00116171]
t2 = [2.20998, 0.345244, 38.1181]

R3 = [0.00484772, 0.00370811, 0.000956866]
t3 = [0.445063, 0.958263, 43.2376]

R4 = [0.00895126, 0.0134037, 0.000829388]
t4 = [1.11432, 0.234971, 44.2948]

R5 = [0.00725047, 0.00422361, 0.000795207]
t5 = [0.322817, 1.58769, 51.6578]

R6 = [0.0099137, 0.00795884, 0.000766144]
t6 = [0.364779, 1.61283, 47.8381]

R7 = [0.0562507, 0.0279321, 0.00156343]
t7 = [1.3744, 0.356039, 36.5415]

R8 = [0.0331461, 0.0114199, 0.00159146]
t8 = [1.47937, 0.192264, 40.8492]

R9 = [0.00282138, 0.00726467, 0.00166349]
t9 = [0.475116, 1.22219, 49.9467]

R10 = [0.00697774, 0.0132087, 0.00189155]
t10 = [0.410313, 1.33193, 54.8091]

R11 = [0.0540062, 0.0307485, 0.00153434]
t11 = [1.89831, 0.340404, 29.1481]

R12 = [0.00668654, 0.00706751, 0.0011231]
t12 = [0.666063, 0.407739, 36.8454]

R13 = [0.00311478, 0.00791041, 0.00173826]
t13 = [0.253504, 0.394153, 52.3996]

R14 = [0.00816821, 0.00304253, 0.00177301]
t14 = [1.51853, 0.202931, 44.9322]

R15 = [0.00477371, 0.00331821, 0.00136409]
t15 = [1.65096, 0.313265, 43.4405]

R16 = [0.00661089, 0.00926603, 0.00111067]
t16 = [0.767272, 0.402456, 30.1153]

R17 = [0.0228534, 0.00904176, 0.00171552]
t17 = [1.92266, 0.338072, 40.0859]

R18 = [0.00460413, 0.00470952, 0.000924991]
t18 = [1.04003, 0.767411, 31.7496]


reprojectionError[1] = 0.272426
reprojectionError[2] = 0.32152
reprojectionError[3] = 0.261827
reprojectionError[4] = 0.3165
reprojectionError[5] = 0.430963
reprojectionError[6] = 0.262207
reprojectionError[7] = 0.318887
reprojectionError[8] = 0.255281
reprojectionError[9] = 0.356675
reprojectionError[10] = 0.221058
reprojectionError[11] = 0.211329
reprojectionError[12] = 0.248145
reprojectionError[13] = 0.28377
reprojectionError[14] = 0.564537
reprojectionError[15] = 0.61022
reprojectionError[16] = 0.465117
reprojectionError[17] = 0.222461
reprojectionError[18] = 0.75712


