使用 18 幅图像进行标定：
1, 2, 3, 5, 6, 7, 8, 9, 10, 11, 12, 13, 14, 16, 17, 18, 20, 23

内参数预估：
cameraMatrix = 
[9278.053933657062, 0, 360;
 0, 9278.053933657062, 288;
 0, 0, 1]

标定结果：
cameraMatrix = 
[9007.000741666137, 0, 360;
 0, 9649.630785216894, 288;
 0, 0, 1]

distCoeffs = 
[6.800169607028348;
 451.3116603722149;
 0.04198158077522694;
 0.1209185079933258;
 0.845041786834873]

reprojectionError = 
0.378925

内参数：
[fx, fy] = [9007, 9649.63] +/- [19.9104, 17.1061]
[Cx, Cy] = [360, 288] +/- [0, 0]
[k1, k2, p1, p2, k3] = [6.80017, 451.312, 0.0419816, 0.120919, 0.845042] +/- [1.82591, 759.339, 0.00871779, 0.0187366, 1.61479]

误差：
[k4, k5, k6] = [0, 0, 0]
[s1, s2, s3, s4] = [0, 0, 0, 0]
[tauX, tauY] = [0, 0]

R1 = [0.015994, 0.0164292, 0.00134416]
t1 = [0.42323, 0.34965, 47.2792]

R2 = [0.0165783, 0.00728816, 0.00156411]
t2 = [0.54151, 0.359642, 42.999]

R3 = [0.0056643, 0.00485513, 0.00109867]
t3 = [0.32333, 1.43852, 46.58]

R4 = [0.00962454, 0.0170526, 0.000968597]
t4 = [1.28226, 0.27924, 49.125]

R5 = [0.00802411, 0.00621063, 0.000828332]
t5 = [0.53207, 2.20695, 55.1421]

R6 = [0.0132919, 0.00734109, 0.000943635]
t6 = [0.543005, 2.07342, 43.7306]

R7 = [0.0460236, 0.0254456, 0.00207314]
t7 = [0.598649, 0.383304, 26.1859]

R8 = [0.0331745, 0.0105776, 0.00181525]
t8 = [0.653506, 0.253928, 32.8239]

R9 = [0.00344251, 0.00854851, 0.00208089]
t9 = [0.415062, 1.18936, 52.2741]

R10 = [0.00620081, 0.0172578, 0.0021766]
t10 = [0.4044, 1.33659, 60.295]

R11 = [0.062859, 0.0181088, 0.00248485]
t11 = [0.538021, 0.349447, 30.262]

R12 = [0.00767241, 0.00957209, 0.00141433]
t12 = [0.345862, 0.331003, 39.0214]

R13 = [0.00395271, 0.0091667, 0.00207663]
t13 = [0.338832, 0.340486, 53.7479]

R14 = [0.0108751, 0.00342265, 0.00220434]
t14 = [0.826514, 0.199053, 50.923]

R15 = [0.00604304, 0.00437413, 0.0016071]
t15 = [0.603792, 0.304213, 46.5641]

R16 = [0.00764855, 0.00927206, 0.000954495]
t16 = [0.468562, 0.34039, 20.2166]

R17 = [0.0302363, 0.0129079, 0.00233551]
t17 = [0.408478, 0.327025, 43.7439]

R18 = [0.00541246, 0.00602462, 0.00103179]
t18 = [0.393346, 0.846115, 18.6846]


reprojectionError[1] = 0.21654
reprojectionError[2] = 0.322264
reprojectionError[3] = 0.309064
reprojectionError[4] = 0.317585
reprojectionError[5] = 0.426533
reprojectionError[6] = 0.260336
reprojectionError[7] = 0.352473
reprojectionError[8] = 0.269894
reprojectionError[9] = 0.381379
reprojectionError[10] = 0.25786
reprojectionError[11] = 0.229618
reprojectionError[12] = 0.268218
reprojectionError[13] = 0.296214
reprojectionError[14] = 0.439598
reprojectionError[15] = 0.556965
reprojectionError[16] = 0.490041
reprojectionError[17] = 0.22323
reprojectionError[18] = 0.756858


