使用 27 幅图像进行标定：
1, 2, 4, 5, 6, 8, 9, 10, 11, 12, 13, 14, 15, 16, 17, 18, 19, 20, 21, 22, 23, 24, 25, 26, 27, 28, 29

内参数预估：
cameraMatrix = 
[9479.13078059729, 0, 360;
 0, 9479.13078059729, 288;
 0, 0, 1]

标定结果：
cameraMatrix = 
[9125.482499746562, 0, 356.5267218754447;
 0, 9848.330143238645, 286.669353924572;
 0, 0, 1]

distCoeffs = 
[-0.2168259953375934;
 1097.776899584444;
 0.0129832452841434;
 -0.00247507027073964;
 1.405486299609445]

reprojectionError = 
0.159982

内参数：
[fx, fy] = [9125.48, 9848.33] +/- [4.21277, 3.40333]
[Cx, Cy] = [356.527, 286.669] +/- [22.969, 31.9204]
[k1, k2, p1, p2, k3] = [-0.216826, 1097.78, 0.0129832, -0.00247507, 1.40549] +/- [0.549745, 231.248, 0.00357008, 0.00314001, 0.302131]

误差：
[k4, k5, k6] = [0, 0, 0]
[s1, s2, s3, s4] = [0, 0, 0, 0]
[tauX, tauY] = [0, 0]

R1 = [0.00988332, 0.00677637, 0.000735116]
t1 = [65.7365, 84.6907, 11.6788]

R2 = [0.00365722, 0.00623638, 0.0011846]
t2 = [66.0481, 85.121, 12.5764]

R3 = [0.0141738, 0.0157338, 0.000372777]
t3 = [66.3845, 85.5291, 6.88518]

R4 = [0.00869558, 0.006605, 0.000466695]
t4 = [65.8131, 84.7753, 7.74994]

R5 = [0.00357961, 0.00641213, 0.000823417]
t5 = [65.8042, 84.7727, 12.9198]

R6 = [0.00367853, 0.0068098, 0.000966398]
t6 = [66.2031, 85.3318, 12.4925]

R7 = [0.00449299, 0.00533672, 0.00111148]
t7 = [66.0796, 85.1682, 13.455]

R8 = [0.00492398, 0.0056117, 0.000444012]
t8 = [65.7142, 84.6629, 11.686]

R9 = [0.00359753, 0.00358417, 0.000788639]
t9 = [65.2935, 84.1045, 10.2551]

R10 = [0.003624, 0.00346783, 0.000723131]
t10 = [65.3598, 84.1992, 10.1868]

R11 = [0.00394125, 0.00392605, 0.000725151]
t11 = [65.3644, 84.2055, 10.0618]

R12 = [0.0033787, 0.00346274, 0.00075555]
t12 = [65.6073, 84.4944, 6.42832]

R13 = [0.00377743, 0.00340637, 0.000900099]
t13 = [65.8087, 84.8255, 9.05955]

R14 = [0.00406689, 0.0031308, 0.000749321]
t14 = [65.8329, 84.7937, 9.42007]

R15 = [0.00386299, 0.0030275, 0.00102431]
t15 = [66.2199, 85.3688, 9.95025]

R16 = [0.0036588, 0.00329988, 0.000760141]
t16 = [66.2121, 85.2693, 6.65207]

R17 = [0.0040526, 0.00343684, 0.000563662]
t17 = [65.7798, 84.7075, 8.69146]

R18 = [0.00500032, 0.0035705, 0.000549799]
t18 = [65.6105, 84.5232, 9.31546]

R19 = [0.00506753, 0.0033866, 0.000499824]
t19 = [65.9716, 85.0467, 12.2584]

R20 = [0.0091761, 0.0176824, 0.000231092]
t20 = [66.5434, 85.6934, 8.44414]

R21 = [0.00342138, 0.00402687, 0.000520881]
t21 = [65.7423, 84.6614, 7.66138]

R22 = [0.00384816, 0.00374824, 0.000590138]
t22 = [66.3632, 85.4877, 14.1288]

R23 = [0.00409827, 0.00682091, 0.000270521]
t23 = [65.7962, 84.6953, 7.9243]

R24 = [0.00458189, 0.00308158, 0.000562221]
t24 = [66.2877, 85.4548, 12.9398]

R25 = [0.00499262, 0.00543911, 0.000369046]
t25 = [66.3986, 85.5089, 7.3827]

R26 = [0.00458723, 0.00523155, 0.000476858]
t26 = [65.6743, 84.5962, 9.52326]

R27 = [0.00371947, 0.00308131, 0.000915729]
t27 = [66.0361, 85.0251, 8.172]


reprojectionError[1] = 0.24518
reprojectionError[2] = 0.207713
reprojectionError[3] = 0.199909
reprojectionError[4] = 0.157861
reprojectionError[5] = 0.140521
reprojectionError[6] = 0.121889
reprojectionError[7] = 0.161719
reprojectionError[8] = 0.110862
reprojectionError[9] = 0.133728
reprojectionError[10] = 0.122224
reprojectionError[11] = 0.136046
reprojectionError[12] = 0.159401
reprojectionError[13] = 0.1573
reprojectionError[14] = 0.215285
reprojectionError[15] = 0.153208
reprojectionError[16] = 0.168057
reprojectionError[17] = 0.116904
reprojectionError[18] = 0.106477
reprojectionError[19] = 0.13612
reprojectionError[20] = 0.196826
reprojectionError[21] = 0.130351
reprojectionError[22] = 0.13339
reprojectionError[23] = 0.210246
reprojectionError[24] = 0.148213
reprojectionError[25] = 0.117014
reprojectionError[26] = 0.146917
reprojectionError[27] = 0.178331


