使用 27 幅图像进行标定：
1, 2, 4, 5, 6, 8, 9, 10, 11, 12, 13, 14, 15, 16, 17, 18, 19, 20, 21, 22, 23, 24, 25, 26, 27, 28, 29

内参数预估：
cameraMatrix = 
[9558.584897188575, 0, 360;
 0, 9558.584897188575, 288;
 0, 0, 1]

标定结果：
cameraMatrix = 
[9344.787805610893, 0, 360.7413443991443;
 0, 9769.811471701967, 287.5161526933225;
 0, 0, 1]

distCoeffs = 
[-2.019585003438656;
 3068.884431712048;
 0.003334585228343366;
 0.01163209155704294;
 2.603381163921879]

reprojectionError = 
0.211496

内参数：
[fx, fy] = [9344.79, 9769.81] +/- [10.8831, 4.36093]
[Cx, Cy] = [360.741, 287.516] +/- [14.9352, 11.8476]
[k1, k2, p1, p2, k3] = [-2.01959, 3068.88, 0.00333459, 0.0116321, 2.60338] +/- [0.746123, 56.7891, 0.0027481, 0.00534403, 0.0752502]

误差：
[k4, k5, k6] = [0, 0, 0]
[s1, s2, s3, s4] = [0, 0, 0, 0]
[tauX, tauY] = [0, 0]

R1 = [0.0098257, 0.0034967, 0.00143855]
t1 = [41.1582, 31.3347, 16.144]

R2 = [0.00451345, 0.00793365, 0.00100649]
t2 = [42.7945, 32.449, 24.8515]

R3 = [0.00898275, 0.00300044, 0.000982549]
t3 = [41.7522, 31.7829, 12.3253]

R4 = [0.00961802, 0.00339215, 0.00114535]
t4 = [41.3492, 31.4709, 16.7423]

R5 = [0.00925084, 0.00790277, 0.00041663]
t5 = [42.4186, 32.22, 14.4597]

R6 = [0.00889756, 0.0123325, 0.000466836]
t6 = [42.7561, 32.4397, 13.988]

R7 = [0.00360542, 0.00869878, 0.00122043]
t7 = [43.0591, 32.6153, 35.0192]

R8 = [0.00391801, 0.00437113, 0.000542035]
t8 = [41.2894, 31.3604, 15.9119]

R9 = [0.00272503, 0.00266251, 0.000605785]
t9 = [41.0334, 31.1622, 14.4406]

R10 = [0.00273197, 0.0027738, 0.000518499]
t10 = [41.0831, 31.1891, 14.4372]

R11 = [0.00344947, 0.00274728, 0.000668556]
t11 = [41.099, 31.2154, 14.2707]

R12 = [0.00168822, 0.00313405, 0.000577643]
t12 = [41.7128, 31.6408, 8.51312]

R13 = [0.00370997, 0.00192026, 0.00048807]
t13 = [41.8393, 31.7596, 8.72324]

R14 = [0.00332507, 0.00355191, 0.00064528]
t14 = [41.4385, 31.4593, 12.7549]

R15 = [0.00429044, 0.00200671, 0.000448648]
t15 = [42.659, 32.3686, 17.1358]

R16 = [0.00198729, 0.00439094, 0.00049606]
t16 = [42.3935, 32.1468, 10.9954]

R17 = [0.00298695, 0.00469827, 0.000527025]
t17 = [41.5131, 31.4963, 11.6349]

R18 = [0.00510188, 0.00399357, 0.000695282]
t18 = [41.3236, 31.3708, 12.9479]

R19 = [0.0104203, 0.0101812, 0.000503692]
t19 = [42.5279, 32.2792, 10.1848]

R20 = [0.00655584, 0.00425408, 0.000567593]
t20 = [41.754, 31.7194, 14.3997]

R21 = [0.00193805, 0.00457001, 0.000433701]
t21 = [41.8636, 31.7627, 9.20036]

R22 = [0.00619778, 0.00575903, 0.000544133]
t22 = [43.1863, 32.7472, 35.3361]

R23 = [0.0039712, 0.00561148, 0.0004102]
t23 = [41.4262, 31.4283, 16.3262]

R24 = [0.0155248, 0.0058054, 0.000313353]
t24 = [42.998, 32.6126, 24.5435]

R25 = [0.00503795, 0.00509408, 0.000564625]
t25 = [41.803, 31.706, 15.6277]

R26 = [0.00383898, 0.00399616, 0.000607787]
t26 = [41.3316, 31.3554, 13.9589]

R27 = [0.0022083, 0.0034244, 0.000639169]
t27 = [41.779, 31.6905, 9.85263]


reprojectionError[1] = 0.310765
reprojectionError[2] = 0.224237
reprojectionError[3] = 0.238747
reprojectionError[4] = 0.280907
reprojectionError[5] = 0.195259
reprojectionError[6] = 0.232488
reprojectionError[7] = 0.196522
reprojectionError[8] = 0.150927
reprojectionError[9] = 0.143492
reprojectionError[10] = 0.132395
reprojectionError[11] = 0.138979
reprojectionError[12] = 0.161004
reprojectionError[13] = 0.197504
reprojectionError[14] = 0.241969
reprojectionError[15] = 0.197159
reprojectionError[16] = 0.167804
reprojectionError[17] = 0.156094
reprojectionError[18] = 0.190633
reprojectionError[19] = 0.29501
reprojectionError[20] = 0.225623
reprojectionError[21] = 0.168096
reprojectionError[22] = 0.16659
reprojectionError[23] = 0.231243
reprojectionError[24] = 0.245742
reprojectionError[25] = 0.303715
reprojectionError[26] = 0.14219
reprojectionError[27] = 0.206068


