使用 14 幅图像进行标定：
1, 3, 4, 5, 7, 8, 10, 12, 13, 14, 16, 21, 22, 24

内参数预估：
cameraMatrix = 
[9665.669052368688, 0, 360;
 0, 9665.669052368688, 288;
 0, 0, 1]

标定结果：
cameraMatrix = 
[9263.878222360912, 0, 360;
 0, 10020.0146498471, 288;
 0, 0, 1]

distCoeffs = 
[25.36527250913548;
 382.4280059426608;
 -0.1874371839605201;
 0.2239469720254952;
 0.4097700088088324]

reprojectionError = 
0.515707

内参数：
[fx, fy] = [9263.88, 10020] +/- [20.3849, 39.8695]
[Cx, Cy] = [360, 288] +/- [0, 0]
[k1, k2, p1, p2, k3] = [25.3653, 382.428, -0.187437, 0.223947, 0.40977] +/- [4.76042, 3505.35, 0.0262084, 0.0267776, 4.34204]

误差：
[k4, k5, k6] = [0, 0, 0]
[s1, s2, s3, s4] = [0, 0, 0, 0]
[tauX, tauY] = [0, 0]

R1 = [0.0379711, 0.0654272, 0.00308137]
t1 = [0.583021, 2.87828, 50.9608]

R2 = [0.00595418, 0.0186352, 0.00414845]
t2 = [0.521146, 3.14334, 63.5581]

R3 = [0.00711217, 0.0219999, 0.00396712]
t3 = [0.539707, 3.15616, 67.7636]

R4 = [0.0632083, 0.0793477, 0.00116968]
t4 = [0.57166, 1.71165, 52.6167]

R5 = [0.00574198, 0.0184842, 0.00348775]
t5 = [0.568436, 3.44898, 72.6893]

R6 = [0.0423512, 0.0436845, 0.00144444]
t6 = [0.609325, 1.35978, 35.0602]

R7 = [0.00780051, 0.0204571, 0.00368781]
t7 = [0.420741, 2.2669, 68.7433]

R8 = [0.014547, 0.0158073, 0.00145664]
t8 = [0.678069, 1.92611, 44.6912]

R9 = [0.0131364, 0.0161523, 0.00192166]
t9 = [0.551982, 2.27568, 34.2879]

R10 = [0.0268445, 0.0081568, 0.00415348]
t10 = [0.608799, 0.374858, 112.532]

R11 = [0.0121319, 0.01222, 0.00130336]
t11 = [0.563139, 2.11554, 34.9007]

R12 = [0.0117733, 0.0120874, 0.00144903]
t12 = [0.556311, 1.78021, 45.8177]

R13 = [0.0116145, 0.0125258, 0.00141128]
t13 = [0.596366, 1.88358, 49.6301]

R14 = [0.0172972, 0.0146953, 0.001181]
t14 = [0.533611, 1.68811, 48.588]


reprojectionError[1] = 0.497475
reprojectionError[2] = 0.519689
reprojectionError[3] = 0.467713
reprojectionError[4] = 0.335538
reprojectionError[5] = 0.38488
reprojectionError[6] = 0.415152
reprojectionError[7] = 0.365943
reprojectionError[8] = 0.61515
reprojectionError[9] = 0.593091
reprojectionError[10] = 0.582031
reprojectionError[11] = 0.555259
reprojectionError[12] = 0.598735
reprojectionError[13] = 0.588602
reprojectionError[14] = 0.581274


