使用 14 幅图像进行标定：
1, 3, 4, 5, 7, 8, 10, 12, 13, 14, 16, 21, 22, 24

内参数预估：
cameraMatrix = 
[9147.025552509043, 0, 360;
 0, 9147.025552509043, 288;
 0, 0, 1]

标定结果：
cameraMatrix = 
[8966.143662469851, 0, 360;
 0, 9489.847307866563, 288;
 0, 0, 1]

distCoeffs = 
[14.23020181135733;
 7457.43346896577;
 -0.1742825836037075;
 -0.2809543522422028;
 11.0992151774617]

reprojectionError = 
0.533951

内参数：
[fx, fy] = [8966.14, 9489.85] +/- [59.8326, 61.5607]
[Cx, Cy] = [360, 288] +/- [0, 0]
[k1, k2, p1, p2, k3] = [14.2302, 7457.43, -0.174283, -0.280954, 11.0992] +/- [4.75867, 1933.32, 0.0269475, 0.0420291, 3.19941]

误差：
[k4, k5, k6] = [0, 0, 0]
[s1, s2, s3, s4] = [0, 0, 0, 0]
[tauX, tauY] = [0, 0]

R1 = [0.0691389, 0.0276878, 0.00598641]
t1 = [5.74889, 0.497104, 190.263]

R2 = [0.00741334, 0.0291674, 0.00601926]
t2 = [0.564622, 4.42494, 188.462]

R3 = [0.00963347, 0.0371953, 0.00632193]
t3 = [0.644279, 4.57864, 198.556]

R4 = [0.0548623, 0.016924, 0.00443988]
t4 = [5.01882, 0.524485, 182.381]

R5 = [0.0114671, 0.028064, 0.00509553]
t5 = [0.651494, 4.78991, 196.411]

R6 = [0.0492115, 0.0279951, 0.00394738]
t6 = [5.85101, 0.634, 170.759]

R7 = [0.00871524, 0.0345521, 0.00477985]
t7 = [0.476806, 3.07844, 192.5]

R8 = [0.0235229, 0.0173637, 0.00264164]
t8 = [4.36882, 1.81538, 167.587]

R9 = [0.0173627, 0.0180595, 0.00159169]
t9 = [2.99114, 2.43021, 146.84]

R10 = [0.0280057, 0.00720584, 0.00521498]
t10 = [5.31328, 0.470049, 183.779]

R11 = [0.0158641, 0.0144072, 0.0013962]
t11 = [2.65783, 2.42502, 147.13]

R12 = [0.0158299, 0.0178125, 0.00168435]
t12 = [2.62259, 2.53248, 147.499]

R13 = [0.0203005, 0.0194667, 0.00176823]
t13 = [3.39311, 2.43672, 166.609]

R14 = [0.0234619, 0.0206974, 0.00144408]
t14 = [3.01974, 2.26715, 145.664]


reprojectionError[1] = 0.504928
reprojectionError[2] = 0.562188
reprojectionError[3] = 0.562794
reprojectionError[4] = 0.398026
reprojectionError[5] = 0.403945
reprojectionError[6] = 0.368337
reprojectionError[7] = 0.412292
reprojectionError[8] = 0.591757
reprojectionError[9] = 0.610128
reprojectionError[10] = 0.605116
reprojectionError[11] = 0.604363
reprojectionError[12] = 0.648782
reprojectionError[13] = 0.555192
reprojectionError[14] = 0.541699


