使用 22 幅图像进行标定：
1, 2, 3, 4, 5, 6, 7, 8, 9, 10, 11, 12, 13, 14, 15, 16, 17, 18, 19, 20, 21, 22

内参数预估：
cameraMatrix = 
[9066.666811663377, 0, 360;
 0, 9066.666811663377, 288;
 0, 0, 1]

标定结果：
cameraMatrix = 
[8694.955419674632, 0, 360;
 0, 9476.379338818126, 288;
 0, 0, 1]

distCoeffs = 
[0.6541391569776847;
 -311.9918779166552;
 -0.002117172734254778;
 -0.006673449559882033;
 -0.4975250781032129]

reprojectionError = 
0.189665

内参数：
[fx, fy] = [8694.96, 9476.38] +/- [105.411, 113.983]
[Cx, Cy] = [360, 288] +/- [0, 0]
[k1, k2, p1, p2, k3] = [0.654139, -311.992, -0.00211717, -0.00667345, -0.497525] +/- [0.913861, 917.55, 0.00254269, 0.00311482, 1.30023]

误差：
[k4, k5, k6] = [0, 0, 0]
[s1, s2, s3, s4] = [0, 0, 0, 0]
[tauX, tauY] = [0, 0]

R1 = [0.00551472, 0.0159858, 0.000242461]
t1 = [0.15755, 0.0390282, 84.5707]

R2 = [0.00217853, 0.000833056, 0.000255505]
t2 = [0.043505, 0.118649, 85.1695]

R3 = [0.00262264, 0.00111331, 0.000251303]
t3 = [0.0386883, 0.119787, 84.8214]

R4 = [0.0014464, 0.00339137, 0.000247755]
t4 = [0.208852, 0.0488313, 84.186]

R5 = [0.000904892, 0.00218509, 0.000254222]
t5 = [0.200164, 0.0367128, 84.0953]

R6 = [0.0016633, 0.00203428, 0.000264436]
t6 = [0.153792, 0.0691921, 84.4659]

R7 = [0.00130508, 0.00148043, 0.000277726]
t7 = [0.13295, 0.0594185, 84.2333]

R8 = [0.00147571, 0.0010638, 0.000282861]
t8 = [0.123671, 0.0562211, 84.0401]

R9 = [0.00170582, 0.00191397, 0.000258765]
t9 = [0.148912, 0.0725146, 84.233]

R10 = [0.00785393, 0.00458656, 0.000232414]
t10 = [0.116384, 0.0519367, 84.1437]

R11 = [0.0031215, 0.00624846, 0.000256751]
t11 = [0.103495, 0.0914559, 84.3113]

R12 = [0.0119809, 0.00770263, 0.000510424]
t12 = [0.07056, 0.16761, 84.996]

R13 = [0.0013028, 0.00282393, 0.000287876]
t13 = [0.282814, 0.0517718, 83.7883]

R14 = [0.00182675, 0.0039711, 0.000256467]
t14 = [0.214239, 0.0525822, 84.0549]

R15 = [0.00190742, 0.0050322, 0.000294175]
t15 = [0.157283, 0.0255873, 83.9388]

R16 = [0.00118111, 0.00188295, 0.000349829]
t16 = [0.119274, 0.0235231, 84.4093]

R17 = [0.00374091, 0.00148277, 0.000249583]
t17 = [0.0406766, 0.185209, 85.3083]

R18 = [0.00358102, 0.00156588, 0.000245796]
t18 = [0.0650477, 0.135221, 84.9013]

R19 = [0.00136381, 0.000651448, 0.000278649]
t19 = [0.0525103, 0.0556845, 84.5095]

R20 = [0.00184788, 0.00074725, 0.000261363]
t20 = [0.040747, 0.0941426, 84.6357]

R21 = [0.00109718, 0.000835843, 0.00031893]
t21 = [0.0514182, 0.165273, 84.6047]

R22 = [0.00225906, 0.000820248, 0.000248838]
t22 = [0.0640995, 0.166618, 83.9935]


reprojectionError[1] = 0.238348
reprojectionError[2] = 0.184282
reprojectionError[3] = 0.194482
reprojectionError[4] = 0.261579
reprojectionError[5] = 0.162509
reprojectionError[6] = 0.153933
reprojectionError[7] = 0.190677
reprojectionError[8] = 0.197593
reprojectionError[9] = 0.187697
reprojectionError[10] = 0.130067
reprojectionError[11] = 0.107645
reprojectionError[12] = 0.197475
reprojectionError[13] = 0.120587
reprojectionError[14] = 0.125063
reprojectionError[15] = 0.106481
reprojectionError[16] = 0.176385
reprojectionError[17] = 0.192378
reprojectionError[18] = 0.236054
reprojectionError[19] = 0.238759
reprojectionError[20] = 0.271811
reprojectionError[21] = 0.222622
reprojectionError[22] = 0.142622


