使用 22 幅图像进行标定：
1, 2, 3, 4, 5, 6, 7, 8, 9, 10, 11, 12, 13, 14, 15, 16, 17, 18, 19, 20, 21, 22

内参数预估：
cameraMatrix_L = 
[8922.284429445635, 0, 360;
 0, 8922.284429445635, 288;
 0, 0, 1]

标定结果：
cameraMatrix = 
[8619.664098124191, 0, 360;
 0, 9281.421411860792, 288;
 0, 0, 1]

distCoeffs = 
[3.427352714743574;
 -3338.194828764916;
 -0.0007616337441460456;
 -0.01359015062198464;
 -4.347055172177901]

reprojectionError = 
0.773651

内参数：
[fx, fy] = [8619.66, 9281.42] +/- [425.405, 446.476]
[Cx, Cy] = [360, 288] +/- [0, 0]
[k1, k2, p1, p2, k3] = [3.42735, -3338.19, -0.000761634, -0.0135902, -4.34706] +/- [3.65034, 4111.16, 0.00982521, 0.010261, 5.8608]

误差：
[k4, k5, k6] = [0, 0, 0]
[s1, s2, s3, s4] = [0, 0, 0, 0]
[tauX, tauY] = [0, 0]

R1 = [0.0118986, 0.0430391, 0.00100319]
t1 = [0.407799, 0.161856, 331.702]

R2 = [0.0115106, 0.00360188, 0.00104987]
t2 = [0.188769, 0.598099, 343.075]

R3 = [0.0139805, 0.00536141, 0.00105058]
t3 = [0.180508, 0.606309, 341.716]

R4 = [0.00580708, 0.0156519, 0.00100194]
t4 = [0.545781, 0.191801, 329.599]

R5 = [0.00364739, 0.0110885, 0.00103639]
t5 = [0.533837, 0.147871, 330.191]

R6 = [0.0080102, 0.00999366, 0.00107993]
t6 = [0.469621, 0.308282, 335.048]

R7 = [0.00676002, 0.00729882, 0.00118537]
t7 = [0.352487, 0.266229, 334.132]

R8 = [0.00710674, 0.00547978, 0.00120771]
t8 = [0.426735, 0.247855, 333.796]

R9 = [0.00810563, 0.0101097, 0.00107444]
t9 = [0.506222, 0.331218, 333.474]

R10 = [0.0378359, 0.0299487, 0.000966561]
t10 = [0.572674, 0.20598, 335.457]

R11 = [0.00944862, 0.0316523, 0.00113206]
t11 = [0.328844, 0.265879, 332.426]

R12 = [0.0606021, 0.0418964, 0.00205996]
t12 = [0.807931, 0.194503, 333.699]

R13 = [0.00498029, 0.0132989, 0.00120326]
t13 = [0.892245, 0.205633, 328.033]

R14 = [0.00797514, 0.0201215, 0.00104633]
t14 = [0.739376, 0.208463, 331.28]

R15 = [0.00762543, 0.0212601, 0.00127771]
t15 = [0.30269, 0.102278, 328.674]

R16 = [0.00584189, 0.00912047, 0.00159374]
t16 = [0.224869, 0.093574, 330.737]

R17 = [0.018863, 0.00814848, 0.00101815]
t17 = [0.181355, 0.906844, 342.439]

R18 = [0.0193229, 0.00854045, 0.000994048]
t18 = [0.249932, 0.659858, 340.895]

R19 = [0.00699217, 0.00266638, 0.00111018]
t19 = [0.19146, 0.24386, 340.761]

R20 = [0.00965238, 0.00327521, 0.00105686]
t20 = [0.15592, 0.472531, 341.194]

R21 = [0.00537952, 0.00424485, 0.00135993]
t21 = [0.200126, 0.829818, 339.918]

R22 = [0.0118442, 0.0034504, 0.00107015]
t22 = [0.227595, 0.844533, 338.269]


reprojectionError[1] = 0.871345
reprojectionError[2] = 0.351408
reprojectionError[3] = 0.621744
reprojectionError[4] = 1.05522
reprojectionError[5] = 0.653863
reprojectionError[6] = 0.830218
reprojectionError[7] = 0.4534
reprojectionError[8] = 0.719553
reprojectionError[9] = 0.947944
reprojectionError[10] = 1.64804
reprojectionError[11] = 0.493457
reprojectionError[12] = 0.61399
reprojectionError[13] = 0.529931
reprojectionError[14] = 0.528371
reprojectionError[15] = 0.465736
reprojectionError[16] = 0.545026
reprojectionError[17] = 1.00695
reprojectionError[18] = 0.964056
reprojectionError[19] = 0.932049
reprojectionError[20] = 0.713257
reprojectionError[21] = 0.504044
reprojectionError[22] = 0.246838


