使用 22 幅图像进行标定：
1, 2, 3, 4, 5, 6, 7, 8, 9, 10, 11, 12, 13, 14, 15, 16, 17, 18, 19, 20, 21, 22

内参数预估：
cameraMatrix_R = 
[9203.167902994994, 0, 360;
 0, 9203.167902994994, 288;
 0, 0, 1]

标定结果：
cameraMatrix = 
[8767.958496200872, 0, 360;
 0, 9543.959603181354, 288;
 0, 0, 1]

distCoeffs = 
[1.123881298930264;
 200.8445529025194;
 -0.01206264315764724;
 -0.01186467471355253;
 0.08665387934064506]

reprojectionError = 
0.686577

内参数：
[fx, fy] = [8767.96, 9543.96] +/- [388.04, 418.592]
[Cx, Cy] = [360, 288] +/- [0, 0]
[k1, k2, p1, p2, k3] = [1.12388, 200.845, -0.0120626, -0.0118647, 0.0866539] +/- [3.37676, 3468.48, 0.00932101, 0.011274, 4.81749]

误差：
[k4, k5, k6] = [0, 0, 0]
[s1, s2, s3, s4] = [0, 0, 0, 0]
[tauX, tauY] = [0, 0]

R1 = [0.0173235, 0.0476445, 0.000876494]
t1 = [0.597984, 0.157342, 310.514]

R2 = [0.00824084, 0.00303445, 0.000924465]
t2 = [0.15745, 0.444946, 313.574]

R3 = [0.00991831, 0.00408873, 0.000909621]
t3 = [0.140162, 0.449001, 312.286]

R4 = [0.00531426, 0.0126598, 0.000897824]
t4 = [0.777837, 0.177534, 309.797]

R5 = [0.00327517, 0.00816909, 0.000919963]
t5 = [0.748026, 0.133036, 309.028]

R6 = [0.00616546, 0.00761763, 0.000958047]
t6 = [0.575669, 0.25265, 310.435]

R7 = [0.00483948, 0.00553905, 0.00100842]
t7 = [0.495971, 0.216318, 309.297]

R8 = [0.00549965, 0.00397107, 0.0010312]
t8 = [0.466458, 0.20591, 308.511]

R9 = [0.00636059, 0.00724609, 0.000938501]
t9 = [0.565551, 0.265614, 310.389]

R10 = [0.0300061, 0.0206919, 0.00083492]
t10 = [0.531787, 0.182007, 309.505]

R11 = [0.0110865, 0.0237407, 0.000937061]
t11 = [0.402392, 0.318621, 310.142]

R12 = [0.0546806, 0.0291335, 0.00179161]
t12 = [0.29704, 0.580971, 312.877]

R13 = [0.00472284, 0.0105805, 0.00104903]
t13 = [1.05653, 0.18767, 308.086]

R14 = [0.00659952, 0.014792, 0.000929304]
t14 = [0.807007, 0.190092, 308.972]

R15 = [0.00685458, 0.018713, 0.00107139]
t15 = [0.583578, 0.0924231, 308.375]

R16 = [0.00435007, 0.00697984, 0.00128108]
t16 = [0.441668, 0.0850974, 309.907]

R17 = [0.0142505, 0.00537187, 0.000903222]
t17 = [0.148567, 0.69832, 314.227]

R18 = [0.0133959, 0.00585565, 0.000890035]
t18 = [0.240333, 0.502265, 312.533]

R19 = [0.00511504, 0.00236677, 0.00100922]
t19 = [0.190005, 0.203495, 311.165]

R20 = [0.00696919, 0.00271868, 0.000945984]
t20 = [0.147625, 0.351632, 311.743]

R21 = [0.00408868, 0.00308552, 0.00116591]
t21 = [0.187855, 0.619594, 311.578]

R22 = [0.00848102, 0.00297004, 0.000902863]
t22 = [0.231771, 0.62528, 309.073]


reprojectionError[1] = 0.780775
reprojectionError[2] = 0.461979
reprojectionError[3] = 0.744132
reprojectionError[4] = 0.933861
reprojectionError[5] = 0.659348
reprojectionError[6] = 0.708759
reprojectionError[7] = 0.508407
reprojectionError[8] = 0.629958
reprojectionError[9] = 0.93652
reprojectionError[10] = 0.445592
reprojectionError[11] = 0.396671
reprojectionError[12] = 0.773144
reprojectionError[13] = 0.454783
reprojectionError[14] = 0.452646
reprojectionError[15] = 0.392451
reprojectionError[16] = 0.567317
reprojectionError[17] = 0.792944
reprojectionError[18] = 1.09979
reprojectionError[19] = 0.939295
reprojectionError[20] = 0.808561
reprojectionError[21] = 0.555118
reprojectionError[22] = 0.358416


